0.1900844868561351, 0.6597302348086667, 0.057608631984621295
0.3030208692198082, 0.3643913167160462, 0.041717407651297056
0.03554521778047348, 0.05070314456574043, 0.9148891296635208
0.2399480425200341, 0.11459884042086155, 0.8595345201296494
0.42528353242116745, 0.6332432044043049, 0.0638994960761784
0.9641214126536801, 0.16472213490368715, 0.39030253619037447
0.03429606712442257, 0.34361429748845296, 0.32494772628549273
0.6155693223706794, 0.9393561496822423, 0.9401563568911528
0.9868051542266193, 0.8697182962817337, 0.3637284120104488
0.1825520329734689, 0.9515750086104877, 0.626906799629377
