0.0,-1.0,-0.0
0.9775060154123623,-0.8620554101645286,-0.5646424733950355
1.8241305241076962,-0.47235242469144567,-0.9320390859672264
2.4287206453294883,0.10062010595633142,-0.9738476308781951
2.716503296982533,0.755105753949743,-0.6754631805511506
2.6600658384592597,1.3725959789624245,-0.1411200080598672
2.2829654470695275,1.837145185559165,0.44252044329485285
1.6554260303002697,2.0544118242375573,0.8715757724135882
0.882825316186345,1.9673900292882174,0.9961646088358406
0.08880674428849022,1.566314737975207,0.7727644875559871
-0.6043075637901747,0.8911404051800815,0.27941549819892586
-1.094707743959442,0.02616462270149289,-0.3115413635133787
-1.3168660371205305,-0.9123916824201403,-0.7936678638491537
-1.2514079396188422,-1.7939220959697015,-0.998543345374605
-0.927545125588737,-2.4933540976891586,-0.8545989080882804
-0.4177109883379845,-2.9103330699011773,-0.4121184852417566
0.1747242662734072,-2.9846646133111383,0.1743267812229814
0.7326856002503862,-2.7055931732791105,0.6998746875935437
1.1448152844034538,-2.113461045398656,0.9809362300664916
1.3239814531202538,-1.2934873970789262,0.9193285256646757
1.2219139979388354,-0.36264355324638486,0.5365729180004349
0.8376220437629727,0.5483164868926718,-0.03362304722113847
0.21823231189400738,1.3148531581448926,-0.5920735147072245
-0.5479111754329726,1.837534715873274,-0.9436956694441048
-1.3448181712818035,2.0568746950277004,-0.965657776549277
-2.046966496441878,1.961805243616131,-0.6502878401571168
-2.5391075938914605,1.5904851861548348,-0.1077536522994423
-2.73463694768897,1.0233526888533042,0.4724219863984693
-2.5896220961749545,0.3695561508727459,0.8875670335815046
-2.1102593693511724,-0.2510597425946307,0.9926593804706327
-1.3525613341997957,-0.7275376308146183,0.750987246771676
-0.4142977537141152,-0.9758425075345099,0.2469736617366209
